w1 = 50;
w2 = 50;
w3 = 2;
w4 = 0.1;